29.9341
30.16397
29.79207
31.6004
28.03916
30.12922
31.1074
31.36656
30.06218
26.00525
27.75958
28.21995
28.12878
31.24016
25.45416
24.81142
27.77043
32.50433
27.284
33.31191
30.0199
28.85248
29.45405
25.86935
24.36166
25.13962
24.09862
25.53851
24.0673
24.01281
26.72629
22.22058
21.63228
23.65218
24.89762
22.82501
18.09164
19.76861
25.4417
24.00464
23.42574
22.35515
16.35272
16.22224
26.65901
17.21044
27.17204
19.02002
23.42829
20.95831
21.85284
20.86556
29.13313
19.09946
16.60685
21.20174
18.95442
17.4791
17.19466
14.62218
10.57127
17.77191
27.30545
21.83905
17.31449
24.36766
11.8006
10.8334
20.26012
13.25263
13.6663
25.18871
30.93924
16.16536
8.909828
17.19998
8.226991
28.58468
6.246747
18.61641
29.69379
12.85392
7.160475
26.1295
14.57893
9.797061
11.19025
18.27142
4.887891
25.8011
5.279984
13.1336
18.1434
2.481786
15.01409
12.18666
25.25119
18.42644
6.404661
13.35685
